%YAML:1.0
Intrinsic matrix: !!opencv-matrix
   rows: 3
   cols: 3
   dt: d
   data: [ 6.4576011679211194e+02, 0., 3.1950000000000000e+02, 0.,
       6.4576011679211194e+02, 2.3950000000000000e+02, 0., 0., 1. ]
