%YAML:1.0
Points 1: !!opencv-matrix
   rows: 91
   cols: 1
   dt: "2d"
   data: [ 48., 48., 214., 63., 314., 407., 523., 205., 513., 204., 262.,
       410., 460., 88., 58., 182., 351., 186., 350., 162., 559., 225.,
       329., 189., 446., 88., 390., 89., 219., 174., 290., 220., 261.,
       424., 526., 265., 533., 207., 343., 213., 352., 272., 387., 329.,
       363., 272., 309., 277., 564., 111., 362., 469., 375., 459., 352.,
       455., 320., 470., 301., 291., 317., 421., 328., 164., 381., 450.,
       373., 474., 453., 76., 406., 454., 436., 400., 347., 465., 310.,
       466., 383., 469., 446., 67., 365., 437., 390., 454., 380., 74.,
       397., 98., 375., 441., 340., 276., 361., 450., 392., 464., 339.,
       319., 535., 431., 362., 460., 346., 231., 380., 89., 353., 241.,
       399., 450., 512., 217., 389., 445., 461., 68., 300., 250., 565.,
       92., 543., 347., 322., 289., 390., 74., 289., 422., 402., 354.,
       290., 353., 390., 107., 401., 82., 376., 82., 526., 430., 355.,
       249., 512., 226., 317., 280., 384., 101., 217., 122., 301., 239.,
       413., 244., 353., 372., 372., 272., 53., 111., 302., 259., 575.,
       91., 346., 349., 318., 227., 344., 181., 297., 331., 304., 418.,
       296., 417., 342., 170., 566., 100. ]
Points 2: !!opencv-matrix
   rows: 91
   cols: 1
   dt: "2d"
   data: [ 8.2220924377441406e+001, 5.7852493286132812e+001,
       2.4390316772460937e+002, 6.7619506835937500e+001,
       3.3425967407226562e+002, 4.0592813110351562e+002,
       5.4616754150390625e+002, 2.0289888000488281e+002,
       5.3731079101562500e+002, 2.0217947387695312e+002,
       2.8358126831054687e+002, 4.0839569091796875e+002,
       4.9933898925781250e+002, 8.3362289428710938e+001,
       9.4504249572753906e+001, 1.8655732727050781e+002,
       3.8434933471679687e+002, 1.8554060363769531e+002,
       3.8313009643554687e+002, 1.6175749206542969e+002,
       5.8273120117187500e+002, 2.2311184692382812e+002,
       3.6159841918945312e+002, 1.8869409179687500e+002,
       4.8418542480468750e+002, 8.3588371276855469e+001,
       4.2397158813476562e+002, 8.6905082702636719e+001,
       2.4991970825195312e+002, 1.7608695983886719e+002,
       3.1621798706054687e+002, 2.2084094238281250e+002,
       2.8174740600585937e+002, 4.2105044555664062e+002,
       5.3802416992187500e+002, 2.6367687988281250e+002,
       5.5577990722656250e+002, 2.0502182006835937e+002,
       3.7080200195312500e+002, 2.1325985717773437e+002,
       3.8029940795898437e+002, 2.7206311035156250e+002,
       4.1406390380859375e+002, 3.2875646972656250e+002,
       3.9037460327148437e+002, 2.7207403564453125e+002,
       3.3471063232421875e+002, 2.7727969360351562e+002,
       6.0774194335937500e+002, 1.0455120849609375e+002,
       3.5923385620117187e+002, 4.6550802612304688e+002,
       3.7329290771484375e+002, 4.5599804687500000e+002,
       3.5211251831054687e+002, 4.5185791015625000e+002,
       3.1865621948242187e+002, 4.6567050170898437e+002,
       3.2799740600585937e+002, 2.9105169677734375e+002,
       3.3587207031250000e+002, 4.1910137939453125e+002,
       3.6039938354492187e+002, 1.6416299438476562e+002,
       3.8128915405273437e+002, 4.4750341796875000e+002,
       3.6918969726562500e+002, 4.7048825073242187e+002,
       4.9180337524414062e+002, 7.1404487609863281e+001,
       4.0454440307617187e+002, 4.5158273315429687e+002,
       4.5647006225585937e+002, 4.0038757324218750e+002,
       3.4514877319335937e+002, 4.6127984619140625e+002,
       3.0988720703125000e+002, 4.6164492797851562e+002,
       3.7979034423828125e+002, 4.6578567504882812e+002,
       4.8385830688476562e+002, 6.2447772979736328e+001,
       3.6757894897460937e+002, 4.3444955444335937e+002,
       3.8920443725585937e+002, 4.5156945800781250e+002,
       4.1357635498046875e+002, 7.1892219543457031e+001,
       4.3151522827148437e+002, 9.5872253417968750e+001,
       3.7670504760742187e+002, 4.3846597290039062e+002,
       3.6847872924804687e+002, 2.7590707397460937e+002,
       3.6169659423828125e+002, 4.4717767333984375e+002,
       3.8950186157226562e+002, 4.6121081542968750e+002,
       3.6826504516601562e+002, 3.1918499755859375e+002,
       5.5163836669921875e+002, 4.3239596557617187e+002,
       3.6087835693359375e+002, 4.5675070190429687e+002,
       3.7340325927734375e+002, 2.3076771545410156e+002,
       4.1357818603515625e+002, 8.7044036865234375e+001,
       3.8066088867187500e+002, 2.4127937316894531e+002,
       3.9842593383789062e+002, 4.4760922241210937e+002,
       5.3646838378906250e+002, 2.1533502197265625e+002,
       3.8970202636718750e+002, 4.4262738037109375e+002,
       5.0037274169921875e+002, 6.3204265594482422e+001,
       3.2598672485351563e+002, 2.5080799865722656e+002,
       6.0842956542968750e+002, 8.5146080017089844e+001,
       5.5817761230468750e+002, 3.4743161010742187e+002,
       3.4758978271484375e+002, 2.8956280517578125e+002,
       4.2399060058593750e+002, 7.1577095031738281e+001,
       3.0858743286132813e+002, 4.1975018310546875e+002,
       4.2931427001953125e+002, 3.5419616699218750e+002,
       3.1864611816406250e+002, 3.5233312988281250e+002,
       4.2421795654296875e+002, 1.0517015075683594e+002,
       4.3564764404296875e+002, 7.9397430419921875e+001,
       4.0942074584960937e+002, 8.0277809143066406e+001,
       5.4294421386718750e+002, 4.3140087890625000e+002,
       3.8275390625000000e+002, 2.4939054870605469e+002,
       5.3660144042968750e+002, 2.2459286499023437e+002,
       3.4244903564453125e+002, 2.8038305664062500e+002,
       4.1781378173828125e+002, 9.9202583312988281e+001,
       2.4738400268554687e+002, 1.2497637939453125e+002,
       3.2676626586914062e+002, 2.3928556823730469e+002,
       4.3036563110351562e+002, 2.4373925781250000e+002,
       3.7779678344726562e+002, 3.7158154296875000e+002,
       3.9933697509765625e+002, 2.7185357666015625e+002,
       8.8435913085937500e+001, 1.1864908599853516e+002,
       3.2810659790039062e+002, 2.5999130249023437e+002,
       6.1859948730468750e+002, 8.3975524902343750e+001,
       3.7080310058593750e+002, 3.4858596801757813e+002,
       3.4509451293945312e+002, 2.2731791687011719e+002,
       3.7712786865234375e+002, 1.8042807006835937e+002,
       3.2527960205078125e+002, 3.3057962036132813e+002,
       3.2343371582031250e+002, 4.1589031982421875e+002,
       3.1560128784179687e+002, 4.1472598266601562e+002,
       3.7484677124023437e+002, 1.6988407897949219e+002,
       6.0955584716796875e+002, 9.3292541503906250e+001 ]
