%YAML:1.0
    Vertices: !!opencv-matrix
        rows: 399
        cols: 3
        dt: f
        data: [ 0.000, 0.000, 0.000, 
            3000.000, 0.000, 0.000, 3000.000, 0.000, 5000.000, 
            0.000, 0.000, 5000.000, 0.000, 3000.000, 5000.000, 
            0.000, 3000.000, 0.000, 3000.000, 3000.000, 0.000, 
            1450.000, 700.000, 1850.000, 2050.000, 700.000, 1850.000, 
            1450.000, 700.000, 3050.000, 2050.000, 700.000, 3050.000, 
            1450.000, 734.000, 1850.000, 2050.000, 734.000, 1850.000, 
            1450.000, 734.000, 3050.000, 2050.000, 734.000, 3050.000, 
            1980.000, 0.000, 2980.000, 2020.000, 0.000, 2980.000, 
            1980.000, 0.000, 3020.000, 2020.000, 0.000, 3020.000, 
            1980.000, 700.000, 2980.000, 2020.000, 700.000, 2980.000, 
            1980.000, 700.000, 3020.000, 2020.000, 700.000, 3020.000, 
            1480.000, 0.000, 2980.000, 1520.000, 0.000, 2980.000, 
            1480.000, 0.000, 3020.000, 1520.000, 0.000, 3020.000, 
            1480.000, 700.000, 2980.000, 1520.000, 700.000, 2980.000, 
            1480.000, 700.000, 3020.000, 1520.000, 700.000, 3020.000, 
            1980.000, 0.000, 1880.000, 2020.000, 0.000, 1880.000, 
            1980.000, 0.000, 1920.000, 2020.000, 0.000, 1920.000, 
            1980.000, 700.000, 1880.000, 2020.000, 700.000, 1880.000, 
            1980.000, 700.000, 1920.000, 2020.000, 700.000, 1920.000, 
            1480.000, 0.000, 1880.000, 1520.000, 0.000, 1880.000, 
            1480.000, 0.000, 1920.000, 1520.000, 0.000, 1920.000, 
            1480.000, 700.000, 1880.000, 1520.000, 700.000, 1880.000, 
            1480.000, 700.000, 1920.000, 1520.000, 700.000, 1920.000, 
            2050.000, 450.000, 2200.000, 2600.000, 450.000, 2200.000, 
            2050.000, 450.000, 2750.000, 2600.000, 450.000, 2750.000, 
            2050.000, 500.000, 2200.000, 2600.000, 500.000, 2200.000, 
            2050.000, 500.000, 2750.000, 2600.000, 500.000, 2750.000, 
            2050.000, 0.000, 2200.000, 2100.000, 0.000, 2200.000, 
            2050.000, 0.000, 2250.000, 2100.000, 0.000, 2250.000, 
            2050.000, 450.000, 2200.000, 2100.000, 450.000, 2200.000, 
            2050.000, 450.000, 2250.000, 2100.000, 450.000, 2250.000, 
            2050.000, 0.000, 2700.000, 2100.000, 0.000, 2700.000, 
            2050.000, 0.000, 2750.000, 2100.000, 0.000, 2750.000, 
            2050.000, 450.000, 2700.000, 2100.000, 450.000, 2700.000, 
            2050.000, 450.000, 2750.000, 2100.000, 450.000, 2750.000, 
            2550.000, 0.000, 2700.000, 2600.000, 0.000, 2700.000, 
            2550.000, 0.000, 2750.000, 2600.000, 0.000, 2750.000, 
            2550.000, 450.000, 2700.000, 2600.000, 450.000, 2700.000, 
            2550.000, 450.000, 2750.000, 2600.000, 450.000, 2750.000, 
            2550.000, 0.000, 2200.000, 2600.000, 0.000, 2200.000, 
            2550.000, 0.000, 2250.000, 2600.000, 0.000, 2250.000, 
            2550.000, 450.000, 2200.000, 2600.000, 450.000, 2200.000, 
            2550.000, 450.000, 2250.000, 2600.000, 450.000, 2250.000, 
            0.000, 1000.000, 3030.000, 10.000, 1000.000, 3030.000, 
            0.000, 1000.000, 4000.000, 10.000, 1000.000, 4000.000, 
            0.000, 1645.000, 3030.000, 10.000, 1645.000, 3030.000, 
            0.000, 1645.000, 4000.000, 10.000, 1645.000, 4000.000, 
            585.000, 770.000, 2990.000, 615.000, 770.000, 2990.000, 
            585.000, 770.000, 3010.000, 615.000, 770.000, 3010.000, 
            985.000, 0.000, 2990.000, 1015.000, 0.000, 2990.000, 
            985.000, 0.000, 3010.000, 1015.000, 0.000, 3010.000, 
            585.000, 770.000, 2580.000, 615.000, 770.000, 2580.000, 
            585.000, 770.000, 2600.000, 615.000, 770.000, 2600.000, 
            985.000, 0.000, 2580.000, 1015.000, 0.000, 2580.000, 
            985.000, 0.000, 2600.000, 1015.000, 0.000, 2600.000, 
            650.000, 600.000, 2990.000, 680.000, 600.000, 2990.000, 
            650.000, 600.000, 3010.000, 680.000, 600.000, 3010.000, 
            525.000, 0.000, 2990.000, 555.000, 0.000, 2990.000, 
            525.000, 0.000, 3010.000, 555.000, 0.000, 3010.000, 
            650.000, 600.000, 2580.000, 680.000, 600.000, 2580.000, 
            650.000, 600.000, 2600.000, 680.000, 600.000, 2600.000, 
            525.000, 0.000, 2580.000, 555.000, 0.000, 2580.000, 
            525.000, 0.000, 2600.000, 555.000, 0.000, 2600.000, 
            925.000, 130.000, 2990.000, 943.000, 130.000, 2990.000, 
            925.000, 148.000, 2990.000, 943.000, 148.000, 2990.000, 
            925.000, 130.000, 2600.000, 935.000, 130.000, 2600.000, 
            925.000, 140.000, 2600.000, 935.000, 140.000, 2600.000, 
            560.000, 130.000, 2990.000, 578.000, 130.000, 2990.000, 
            560.000, 148.000, 2990.000, 578.000, 148.000, 2990.000, 
            560.000, 130.000, 2600.000, 570.000, 130.000, 2600.000, 
            560.000, 140.000, 2600.000, 570.000, 140.000, 2600.000, 
            620.000, 420.000, 2990.000, 638.000, 420.000, 2990.000, 
            620.000, 438.000, 2990.000, 638.000, 438.000, 2990.000, 
            620.000, 420.000, 2600.000, 630.000, 420.000, 2600.000, 
            620.000, 430.000, 2600.000, 630.000, 430.000, 2600.000, 
            1030.000, 390.000, 2970.000, 1030.000, 420.000, 2970.000, 
            1030.000, 390.000, 2990.000, 1030.000, 420.000, 2990.000, 
            600.000, 390.000, 2970.000, 600.000, 420.000, 2970.000, 
            600.000, 390.000, 2990.000, 600.000, 420.000, 2990.000, 
            1030.000, 390.000, 2600.000, 1030.000, 420.000, 2600.000, 
            1030.000, 390.000, 2620.000, 1030.000, 420.000, 2620.000, 
            600.000, 390.000, 2600.000, 600.000, 420.000, 2600.000, 
            600.000, 390.000, 2620.000, 600.000, 420.000, 2620.000, 
            605.000, 750.000, 2600.000, 615.000, 750.000, 2600.000, 
            605.000, 750.000, 2990.000, 615.000, 750.000, 2990.000, 
            640.000, 680.000, 2600.000, 650.000, 680.000, 2600.000, 
            640.000, 680.000, 2990.000, 650.000, 680.000, 2990.000, 
            690.000, 400.000, 2600.000, 718.000, 400.000, 2600.000, 
            690.000, 400.000, 2970.000, 718.000, 400.000, 2970.000, 
            690.000, 410.000, 2600.000, 718.000, 410.000, 2600.000, 
            690.000, 410.000, 2970.000, 718.000, 410.000, 2970.000, 
            732.000, 400.000, 2600.000, 760.000, 400.000, 2600.000, 
            732.000, 400.000, 2970.000, 760.000, 400.000, 2970.000, 
            732.000, 410.000, 2600.000, 760.000, 410.000, 2600.000, 
            732.000, 410.000, 2970.000, 760.000, 410.000, 2970.000, 
            774.000, 400.000, 2600.000, 802.000, 400.000, 2600.000, 
            774.000, 400.000, 2970.000, 802.000, 400.000, 2970.000, 
            774.000, 410.000, 2600.000, 802.000, 410.000, 2600.000, 
            774.000, 410.000, 2970.000, 802.000, 410.000, 2970.000, 
            816.000, 400.000, 2600.000, 844.000, 400.000, 2600.000, 
            816.000, 400.000, 2970.000, 844.000, 400.000, 2970.000, 
            816.000, 410.000, 2600.000, 844.000, 410.000, 2600.000, 
            816.000, 410.000, 2970.000, 844.000, 410.000, 2970.000, 
            858.000, 400.000, 2600.000, 886.000, 400.000, 2600.000, 
            858.000, 400.000, 2970.000, 886.000, 400.000, 2970.000, 
            858.000, 410.000, 2600.000, 886.000, 410.000, 2600.000, 
            858.000, 410.000, 2970.000, 886.000, 410.000, 2970.000, 
            900.000, 400.000, 2600.000, 928.000, 400.000, 2600.000, 
            900.000, 400.000, 2970.000, 928.000, 400.000, 2970.000, 
            900.000, 410.000, 2600.000, 928.000, 410.000, 2600.000, 
            900.000, 410.000, 2970.000, 928.000, 410.000, 2970.000, 
            942.000, 400.000, 2600.000, 970.000, 400.000, 2600.000, 
