%YAML:1.0
Vertices: !!opencv-matrix
   rows: 8
   cols: 3
   dt: d
   data: [ -1.6621249461673692e+001, 1.7390607256776406e+001,
       -8.7255572393559589e+001, -1.6587862556219854e+001,
       1.4690286558482201e+001, -8.6961978006959228e+001,
       -1.5700581811185730e+001, 1.5538472947393680e+001,
       -8.7940947873485584e+001, -1.6390834434475007e+001,
       1.5691835100945111e+001, -8.6665426071468232e+001,
       -1.5627196617226527e+001, 1.7170992501452719e+001,
       -9.3113791031597401e+001, -1.6580396466612438e+001,
       1.8440637312435626e+001, -9.4558079453748917e+001,
       -1.5969414929872045e+001, 1.6482830491066519e+001,
       -8.7992131001667644e+001, -1.5551286641867682e+001,
       1.6238508950661913e+001, -9.2620723539196604e+001 ]
Faces: !!opencv-matrix
   rows: 9
   cols: 3
   dt: d
   data: [ 0., 6., 3., 2., 1., 3., 7., 2., 3., 4., 7., 3., 5., 4., 3.,
       5., 6., 3., 5., 0., 6., 1., 7., 2., 5., 4., 7. ]
Vertices: !!opencv-matrix
   rows: 7
   cols: 3
   dt: d
   data: [ -9.6572859504244557e-001, 1.7442473676293556e+001,
       -8.3810402132153783e+001, 3.4968320714931816e-001,
       2.2007163266108694e+001, -9.1148704743129656e+001,
       3.5079577676558221e-001, 1.9154796682463154e+001,
       -9.1313891425611573e+001, -4.6994519961736886e-001,
       1.9941082656326888e+001, -8.7541870920306607e+001,
       1.9456929455620850e-001, 1.8366123833470382e+001,
       -8.4488516563727444e+001, -9.2589956784770355e-001,
       1.9190912302641280e+001, -8.0516603516257462e+001,
       1.9526456547318596e-001, 1.9194739540417491e+001,
       -8.4780548276437287e+001 ]
Faces: !!opencv-matrix
   rows: 8
   cols: 3
   dt: d
   data: [ 0., 4., 6., 2., 4., 6., 3., 2., 6., 1., 3., 6., 5., 1., 6.,
       5., 0., 6., 0., 2., 4., 1., 3., 2. ]
Vertices: !!opencv-matrix
   rows: 7
   cols: 3
   dt: d
   data: [ -5.9183760781468946e+000, -2.1138110661347769e+000,
       -4.3356834302444845e+001, -7.0118843684093832e+000,
       -2.2758172698635653e+000, -4.5277021866467535e+001,
       -5.8963504029599392e+000, -2.6359655754488460e+000,
       -4.3204593510043651e+001, -6.9889887941726769e+000,
       -2.7938462964860906e+000, -4.4697566360828844e+001,
       -5.4804650606103769e+000, -1.4412785879649297e+000,
       -4.5221720515056141e+001, -6.1051405957521414e+000,
       -3.6409075149453565e+000, -4.4761545493913601e+001,
       -6.9728945483541969e+000, -3.6506668484791707e+000,
       -4.5055436104650497e+001 ]
Faces: !!opencv-matrix
   rows: 7
   cols: 3
   dt: d
   data: [ 0., 2., 3., 4., 0., 3., 1., 4., 3., 6., 1., 3., 5., 6., 3.,
       5., 2., 3., 6., 5., 2. ]
Vertices: !!opencv-matrix
   rows: 31
   cols: 3
   dt: d
   data: [ -1.1589369014668900e+001, 1.5272040023798883e+000,
       -4.9222726222871508e+001, -1.4054151927157545e+001,
       8.7137703815619041e-002, -4.8768661841489454e+001,
       -1.6593549622805803e+001, 1.8744606397988244e+000,
       -4.8932489799941948e+001, -1.1468756495881154e+001,
       1.9237736394312670e+000, -5.3910199083366670e+001,
       -1.6081779379852435e+001, 7.3271597420601808e-001,
       -5.2267959888464738e+001, -1.1463370805624839e+001,
       1.0105951096034138e+000, -5.3877979518805518e+001,
       -1.3037358303798600e+001, 1.5718659894218412e+000,
       -5.0814421258817312e+001, -1.4489435503747959e+001,
       5.4234283702094854e-001, -4.9506065444342227e+001,
       -2.0132844095734850e+001, -2.4018096383655974e+000,
       -5.7097298175817009e+001, -1.6706977212274495e+001,
       2.3888180401234502e-001, -4.9700564870778798e+001,
       -1.1575174936114324e+001, 1.0116164888495278e-001,
       -5.4791215859732283e+001, -1.5086358654522444e+001,
       -4.0540298277993925e+000, -4.5511522781271140e+001,
       -1.7617761926450189e+001, -3.4395579523847699e+000,
       -5.2896590685197538e+001, -1.6652892614107810e+001,
       1.1294987322478665e+000, -4.8673242858659727e+001,
       -1.1762834727476532e+001, 5.1199610876984025e-001,
       -5.4127694453822876e+001, -1.4311413142323937e+001,
       2.0097016286242440e+000, -5.4192096813291293e+001,
       -1.4942570166334169e+001, 1.9781194275264717e+000,
       -5.1324254466012562e+001, -1.4783384611283276e+001,
       8.4179045373493921e-001, -4.9496579708393590e+001,
       -1.8856925578138966e+001, -7.3717130475513537e+000,
       -5.3306041900326200e+001, -1.9405587997940270e+001,
       -4.8980379231245710e+000, -5.5767647554542130e+001,
       -1.6931430925529646e+001, -3.8481584189673517e+000,
       -5.0841634500594196e+001, -1.2268670062092424e+001,
       1.2899810345626102e+000, -4.8967501938352953e+001,
       -2.0359874424380401e+001, -7.7800055611515129e+000,
       -5.5661408814521039e+001, -1.6103967742943954e+001,
       2.1046272991880262e+000, -5.2603212894798865e+001,
       -1.2099280526354011e+001, 1.5190154542923542e-002,
       -5.1382217785608475e+001, -1.7422744688426732e+001,
       -3.0065762014630657e+000, -5.2307889699222272e+001,
       -1.2304786339977147e+001, 4.2183096339171827e-001,
       -5.3281865582021027e+001, -1.2341809321509029e+001,
       -1.3085806407356257e-001, -4.7539466307920542e+001,
       -1.1937144113546022e+001, 1.3749258649686106e-002,
       -5.3439546528841632e+001, -1.5920704830542780e+001,
       1.7340809370717730e-001, -5.1743379495300886e+001,
       -1.6212256921745702e+001, 1.9967350358603664e+000,
       -5.0018249944199709e+001 ]
Faces: !!opencv-matrix
   rows: 58
   cols: 3
   dt: d
   data: [ 0., 21., 6., 24., 0., 6., 28., 24., 6., 5., 28., 6., 3., 5.,
       6., 14., 3., 6., 10., 14., 6., 26., 10., 6., 15., 26., 6., 8.,
       15., 6., 19., 8., 6., 22., 19., 6., 23., 22., 6., 4., 23., 6.,
       12., 4., 6., 18., 12., 6., 29., 18., 6., 25., 29., 6., 16., 25.,
       6., 20., 16., 6., 30., 20., 6., 9., 30., 6., 2., 9., 6., 13., 2.,
       6., 17., 13., 6., 7., 17., 6., 1., 7., 6., 11., 1., 6., 27., 11.,
       6., 27., 21., 6., 27., 0., 21., 28., 24., 0., 17., 5., 28., 7.,
       17., 28., 7., 0., 28., 3., 17., 5., 14., 17., 3., 10., 17., 14.,
       26., 17., 10., 23., 15., 26., 23., 4., 17., 23., 17., 26., 23.,
       8., 15., 23., 19., 8., 22., 23., 19., 12., 17., 4., 18., 17., 12.,
       20., 17., 18., 20., 30., 17., 25., 18., 29., 18., 16., 25., 18.,
       20., 16., 9., 17., 30., 17., 2., 9., 13., 17., 2., 1., 0., 7., 0.,
       11., 1., 27., 0., 11. ]
Vertices: !!opencv-matrix
   rows: 6
   cols: 3
   dt: d
   data: [ -1.4401928544301148e+001, -3.5084286572747834e+000,
       -6.5836402306237105e+001, -1.4300794774459657e+001,
       -4.4825940668501829e+000, -6.5390271565597743e+001,
       -1.4982593905077582e+001, -3.5026883729663827e+000,
       -6.4060979544351781e+001, -1.4858249866951057e+001,
       -4.3442334470998283e+000, -6.3542451728738236e+001,
       -1.4501601148161679e+001, -5.7632048656623853e+000,
       -6.6333941255765581e+001, -1.5083576163380046e+001,
       -5.5617592652092025e+000, -6.4116029203132626e+001 ]
Faces: !!opencv-matrix
   rows: 5
   cols: 3
   dt: d
   data: [ 0., 1., 2., 5., 3., 2., 4., 5., 2., 4., 1., 2., 4., 0., 1. ]
Vertices: !!opencv-matrix
   rows: 4
   cols: 3
   dt: d
   data: [ 1.4037903029431531e+001, 1.2727373747175694e+001,
       -4.7459668162668457e+001, 1.6109668020762385e+001,
       1.2318883678183365e+001, -4.4429325632623801e+001,
       1.4743001713233726e+001, 8.4327161671258928e+000,
       -5.0496901508867637e+001, 1.8462174807312689e+001,
       1.3365481324476765e+001, -4.6383149223394504e+001 ]
Faces: !!opencv-matrix
   rows: 2
   cols: 3
   dt: d
   data: [ 0., 1., 3., 2., 0., 3. ]
